NAME : temp
COMMENT : temp file
TYPE : TSP
DIMENSION : 65
EDGE_WEIGHT_TYPE : EXPLICIT
EDGE_WEIGHT_FORMAT : FULL_MATRIX
EDGE_WEIGHT_SECTION
0 384 573 223 710 529 470 359 311 852 910 780 450 820 1007 987 1022 545 795 578 937 1080 304 1094 1203 950 758 814 607 877 514 663 320 798 772 967 434 639 356 382 262 866 456 669 627 828 1006 683 667 923 653 776 836 161 631 160 564 646 436 800 729 36 394 832 844 
384 0 202 276 351 152 228 274 197 480 581 487 248 436 623 616 643 376 428 205 591 701 332 711 819 601 566 571 437 495 130 489 65 415 456 583 80 407 106 163 142 655 321 401 483 545 637 400 377 554 479 398 593 366 261 264 373 306 376 426 374 348 157 485 527 
573 202 0 477 150 152 206 451 387 370 531 493 248 262 449 495 449 333 226 173 518 508 429 526 637 522 462 431 374 309 93 411 256 234 442 421 138 480 223 229 344 705 328 268 596 552 436 255 231 353 576 277 627 568 59 430 481 296 540 317 318 537 318 287 343 
223 276 477 0 627 381 461 136 109 678 706 566 461 686 866 809 906 584 702 420 740 962 411 962 1064 754 796 823 650 752 394 707 238 671 566 816 352 418 315 370 138 642 504 657 405 611 907 662 641 825 430 615 614 106 535 246 341 458 218 630 545 199 204 762 801 
710 351 150 627 0 286 279 600 538 373 567 570 319 204 362 471 325 352 87 287 537 384 523 418 529 536 406 341 369 215 240 385 401 170 512 356 281 593 354 340 493 797 384 216 721 625 297 191 174 214 695 288 712 717 94 560 609 388 684 331 378 675 466 137 207 
529 152 152 381 286 0 306 323 277 328 437 365 341 305 486 463 527 453 342 53 442 581 473 581 684 451 607 582 504 371 69 547 218 290 324 440 157 330 240 281 270 563 423 417 444 425 534 406 382 456 424 247 489 483 193 416 329 170 400 273 225 493 190 421 489 
470 228 206 461 279 306 0 495 411 576 730 672 42 456 634 700 604 150 366 349 722 663 244 697 808 727 340 361 209 487 238 261 230 424 628 616 161 621 146 93 326 864 122 202 710 731 569 212 196 488 702 483 794 523 239 310 598 475 600 523 515 439 385 376 374 
359 274 451 136 600 323 495 0 86 579 582 437 506 618 787 705 845 635 663 348 622 897 507 888 985 636 836 845 699 688 359 754 267 609 442 732 353 284 352 413 185 506 565 675 274 478 857 673 651 779 295 528 478 230 505 356 205 353 108 536 441 333 134 737 792 
311 197 387 109 538 277 411 86 0 568 602 468 421 581 758 699 803 549 608 312 633 858 423 856 957 647 752 765 614 648 299 669 182 567 462 708 277 331 267 328 100 569 479 596 350 516 809 596 574 728 364 506 531 216 444 279 263 348 194 520 435 281 94 675 723 
852 480 370 678 373 328 576 579 568 0 207 280 618 186 242 135 356 697 345 276 165 387 787 347 424 163 779 709 728 237 366 753 546 214 220 176 468 397 559 586 590 505 698 587 541 316 411 563 545 371 497 93 415 785 348 745 461 226 610 55 139 817 474 439 543 
910 581 531 706 567 437 730 582 602 207 0 158 769 393 418 216 548 865 550 386 67 568 910 513 561 83 971 908 904 443 496 935 640 419 140 354 594 323 677 718 655 330 851 775 446 155 611 753 733 577 396 279 247 810 525 833 406 274 576 237 215 877 516 645 748 
780 487 493 566 570 365 672 437 468 280 158 0 706 439 521 348 635 817 577 324 216 667 819 624 689 233 953 908 865 504 433 904 539 456 62 454 520 165 591 641 534 232 788 757 289 59 686 740 717 636 240 309 143 667 505 721 250 198 420 279 194 749 391 674 770 
450 248 248 461 319 341 42 506 421 618 769 706 0 499 676 742 643 129 406 386 762 703 206 738 849 767 335 369 193 529 275 248 239 467 664 659 189 649 154 92 330 894 82 220 732 766 607 235 221 527 727 525 826 515 282 289 621 510 613 564 553 420 404 411 401 
820 436 262 686 204 305 456 618 581 186 393 439 499 0 187 267 228 552 160 270 350 279 691 276 382 347 605 528 573 72 305 590 499 34 377 160 393 515 483 492 570 671 572 420 658 485 256 394 379 197 620 130 582 788 217 688 557 305 678 162 251 784 491 253 357 
1007 623 449 866 362 486 634 787 758 242 418 521 676 187 0 214 138 714 286 446 355 150 873 105 198 344 726 631 723 146 493 730 687 214 463 66 581 637 671 677 755 740 745 562 782 552 214 534 524 221 739 260 651 969 399 876 695 447 834 263 370 971 666 344 443 
987 616 495 809 471 463 700 705 699 135 216 348 742 267 214 0 351 812 423 411 149 362 918 301 345 135 872 791 837 287 499 857 681 301 301 158 600 494 692 717 725 546 821 687 633 365 423 662 646 409 585 221 461 916 465 880 567 352 726 189 265 952 606 508 612 
1022 643 449 906 325 527 604 845 803 356 548 635 643 228 138 351 0 657 238 497 488 59 849 110 213 478 633 529 655 156 515 652 703 236 575 195 587 734 670 664 783 861 703 492 878 672 80 464 459 123 838 343 772 1005 391 878 782 530 906 361 464 986 716 257 340 
545 376 333 584 352 453 150 635 549 697 865 817 129 552 714 812 657 0 428 493 850 713 257 760 869 854 215 273 66 568 383 123 367 519 770 708 311 771 283 221 457 1014 88 172 859 876 606 197 197 534 852 604 942 630 348 388 747 619 742 646 651 520 532 404 361 
795 428 226 702 87 342 366 663 608 345 550 577 406 160 286 423 238 428 0 330 510 297 610 334 444 507 450 368 437 145 308 445 482 131 516 291 362 623 439 428 571 808 467 276 759 628 211 248 237 128 728 274 721 795 167 646 650 412 741 314 383 760 529 97 198 
578 205 173 420 287 53 349 348 312 276 386 324 386 270 446 411 497 493 330 0 390 549 525 543 644 398 636 602 541 340 111 581 270 261 278 396 207 309 293 331 317 532 468 442 434 383 512 428 404 436 409 199 454 524 201 469 322 126 414 222 173 542 221 417 494 
937 591 518 740 537 442 722 622 633 165 67 216 762 350 355 149 488 850 510 390 0 505 915 448 494 16 943 874 886 394 495 914 654 379 184 293 596 377 683 719 678 398 844 749 506 221 554 726 707 526 457 250 314 846 505 850 457 292 624 207 217 903 544 604 708 
1080 701 508 962 384 581 663 897 858 387 568 667 703 279 150 362 59 713 297 549 505 0 908 76 161 494 681 574 710 210 572 704 761 290 608 215 646 774 730 723 841 889 761 547 919 701 117 519 516 179 878 386 800 1062 450 937 827 574 955 399 505 1045 770 312 388 
304 332 429 411 523 473 244 507 423 787 910 819 206 691 873 918 849 257 610 525 915 908 0 940 1052 923 461 531 313 728 421 366 281 660 788 850 320 725 232 201 324 973 172 411 771 876 813 431 421 733 780 696 918 422 474 169 674 637 612 731 698 286 451 617 600 
1094 711 526 962 418 581 697 888 856 347 513 624 738 276 105 301 110 760 334 543 448 76 940 0 111 435 743 639 761 217 580 760 773 296 567 170 663 742 750 750 847 839 801 598 888 653 186 570 564 232 844 363 752 1064 472 957 801 552 938 369 475 1058 764 366 451 
1203 819 637 1064 529 684 808 985 957 424 561 689 849 382 198 345 213 869 444 644 494 161 1052 111 0 479 842 735 868 328 688 865 882 405 635 253 773 820 861 861 953 892 912 705 964 710 278 677 672 337 918 456 807 1168 583 1067 884 641 1029 455 559 1167 865 471 549 
950 601 522 754 536 451 727 636 647 163 83 233 767 347 344 135 478 854 507 398 16 494 923 435 479 0 943 873 888 388 502 915 664 376 200 282 603 393 691 726 689 413 849 750 523 238 545 727 708 519 473 251 330 859 507 861 473 303 640 209 226 915 557 600 704 
758 566 462 796 406 607 340 836 752 779 971 953 335 605 726 872 633 215 450 636 943 681 461 743 842 943 0 114 150 594 538 94 570 572 900 741 491 937 486 427 665 1168 302 197 1040 1012 564 217 238 513 1027 693 1089 845 450 603 925 758 941 736 770 734 723 382 293 
814 571 431 823 341 582 361 845 765 709 908 908 369 528 631 791 529 273 368 602 874 574 531 639 735 873 114 0 222 506 517 180 588 496 851 651 492 911 507 454 686 1130 361 170 1025 964 457 176 200 412 1007 628 1048 884 404 655 910 718 946 671 718 787 722 287 189 
607 437 374 650 369 504 209 699 614 728 904 865 193 573 723 837 655 66 437 541 886 710 313 761 868 888 150 222 0 580 434 57 432 539 816 724 369 827 347 286 523 1067 151 163 919 924 598 191 199 531 911 636 993 695 381 452 807 667 806 679 693 583 594 397 339 
877 495 309 752 215 371 487 688 648 237 443 504 529 72 146 287 156 568 145 340 394 210 728 217 328 388 594 506 580 0 364 590 556 81 442 146 445 586 532 534 632 735 598 420 730 548 185 393 381 134 692 198 645 852 256 739 630 378 750 225 320 841 560 220 325 
514 130 93 394 240 69 238 359 299 366 496 433 275 305 493 499 515 383 308 111 495 572 421 580 688 502 538 517 434 364 0 477 194 284 389 455 101 398 192 223 268 633 357 350 507 493 512 340 317 430 490 278 559 491 146 387 392 236 446 311 281 478 225 377 436 
663 489 411 707 385 547 261 754 669 753 935 904 248 590 730 857 652 123 445 581 914 704 366 760 865 915 94 180 57 590 477 0 487 556 853 736 418 874 402 341 579 1111 208 170 969 963 590 197 211 528 959 663 1035 753 410 509 856 706 861 706 727 639 646 394 323 
320 65 256 238 401 218 230 267 182 546 640 539 239 499 687 681 703 367 482 270 654 761 281 773 882 664 570 588 432 556 194 487 0 477 513 648 120 445 84 146 99 693 301 421 505 596 692 424 403 609 507 464 637 317 315 198 400 366 374 491 437 285 176 532 564 
798 415 234 671 170 290 424 609 567 214 419 456 467 34 214 301 236 519 131 261 379 290 660 296 405 376 572 496 539 81 284 556 477 0 394 192 368 521 457 463 552 688 540 386 663 504 254 361 345 186 627 147 599 771 186 663 559 310 673 184 264 762 479 226 329 
772 456 442 566 512 324 628 442 462 220 140 62 664 377 463 301 575 770 516 278 184 608 788 567 635 200 900 851 816 442 389 853 513 394 0 396 481 195 558 604 519 294 746 703 332 113 624 685 663 573 284 247 205 669 450 701 273 154 440 216 134 739 378 613 710 
967 583 421 816 356 440 616 732 708 176 354 454 659 160 66 158 195 708 291 396 293 215 850 170 253 282 741 651 724 146 455 736 648 192 396 0 548 572 639 651 711 674 732 566 717 485 265 539 526 254 673 203 585 921 377 841 633 387 775 201 307 931 614 364 467 
434 80 138 352 281 157 161 353 277 468 594 520 189 393 581 600 587 311 362 207 596 646 320 663 773 603 491 492 369 445 101 418 120 368 481 548 0 461 92 124 214 705 269 321 550 579 574 320 297 490 542 378 637 436 197 294 437 327 454 412 380 398 232 412 449 
639 407 480 418 593 330 621 284 331 397 323 165 649 515 637 494 734 771 623 309 377 774 725 742 820 393 937 911 827 586 398 874 445 521 195 572 461 0 513 570 414 248 726 747 145 197 771 735 711 708 105 390 199 514 510 604 85 212 255 375 269 611 274 717 801 
356 106 223 315 354 240 146 352 267 559 677 591 154 483 671 692 670 283 439 293 683 730 232 750 861 691 486 507 347 532 192 402 84 457 558 639 92 513 0 62 179 761 219 343 584 650 651 349 329 567 582 470 699 383 279 207 476 405 459 503 466 321 254 477 498 
382 163 229 370 340 281 93 413 328 586 718 641 92 492 677 717 664 221 428 331 719 723 201 750 861 726 427 454 286 534 223 341 146 463 604 651 124 570 62 0 238 818 157 295 645 700 637 304 286 554 643 495 753 430 278 224 536 450 521 531 504 350 315 453 462 
262 142 344 138 493 270 326 185 100 590 655 534 330 570 755 725 783 457 571 317 678 841 324 847 953 689 665 686 523 632 268 579 99 552 519 711 214 414 179 238 0 658 383 520 447 587 779 524 503 696 458 516 613 224 403 189 354 386 293 538 467 227 143 626 663 
866 655 705 642 797 563 864 506 569 505 330 232 894 671 740 546 861 1014 808 532 398 889 973 839 892 413 1168 1130 1067 735 633 1111 693 688 294 674 705 248 761 818 658 0 973 973 247 189 916 958 935 868 212 541 89 724 725 847 305 411 439 510 425 840 521 906 1000 
456 321 328 504 384 423 122 565 479 698 851 788 82 572 745 821 703 88 467 468 844 761 172 801 912 849 302 361 151 598 357 208 301 540 746 732 269 726 219 157 383 973 0 240 803 847 659 262 256 582 800 605 906 545 357 300 694 593 674 645 636 431 473 459 431 
669 401 268 657 216 417 202 675 596 587 775 757 220 420 562 687 492 172 276 442 749 547 411 598 705 750 197 170 163 420 350 170 421 386 703 566 321 747 343 295 520 973 240 0 857 815 437 27 41 368 840 499 893 724 253 509 742 562 775 542 573 639 552 235 191 
627 483 596 405 721 444 710 274 350 541 446 289 732 658 782 633 878 859 759 434 506 919 771 888 964 523 1040 1025 919 730 507 969 505 663 332 717 550 145 584 645 447 247 803 857 0 299 914 848 824 849 50 535 250 480 634 628 115 352 193 520 414 604 330 850 929 
828 545 552 611 625 425 731 478 516 316 155 59 766 485 552 365 672 876 628 383 221 701 876 653 710 238 1012 964 924 548 493 963 596 504 113 485 579 197 650 700 587 189 847 815 299 0 727 797 775 681 249 357 99 709 562 775 282 257 450 323 248 797 443 726 823 
1006 637 436 907 297 534 569 857 809 411 611 686 607 256 214 423 80 606 211 512 554 117 813 186 278 545 564 457 598 185 512 590 692 254 624 265 574 771 651 637 779 916 659 437 914 727 0 409 408 83 877 383 826 1003 377 857 813 562 926 408 506 971 725 202 271 
683 400 255 662 191 406 212 673 596 563 753 740 235 394 534 662 464 197 248 428 726 519 431 570 677 727 217 176 191 393 340 197 424 361 685 539 320 735 349 304 524 958 262 27 848 797 409 0 23 340 830 476 877 732 234 522 733 547 772 519 553 652 548 207 169 
667 377 231 641 174 382 196 651 574 545 733 717 221 379 524 646 459 197 237 404 707 516 421 564 672 708 238 200 199 381 317 211 403 345 663 526 297 711 329 286 503 935 256 41 824 775 408 23 0 336 806 457 855 713 212 507 709 524 749 500 532 636 525 206 179 
923 554 353 825 214 456 488 779 728 371 577 636 527 197 221 409 123 534 128 436 526 179 733 232 337 519 513 412 531 134 430 528 609 186 573 254 490 708 567 554 696 868 582 368 849 681 83 340 336 0 814 327 778 920 293 774 745 496 851 357 448 888 646 134 223 
653 479 576 430 695 424 702 295 364 497 396 240 727 620 739 585 838 852 728 409 457 878 780 844 918 473 1027 1007 911 692 490 959 507 627 284 673 542 105 582 643 458 212 800 840 50 249 877 830 806 814 0 495 204 512 610 643 106 317 228 478 373 629 331 821 903 
776 398 277 615 288 247 483 528 506 93 279 309 525 130 260 221 343 604 274 199 250 386 696 363 456 251 693 628 636 198 278 663 464 147 247 203 378 390 470 495 516 541 605 499 535 357 383 476 457 327 495 0 452 721 256 661 440 188 574 43 122 741 412 371 472 
836 593 627 614 712 489 794 478 531 415 247 143 826 582 651 461 772 942 721 454 314 800 918 752 807 330 1089 1048 993 645 559 1035 637 599 205 585 637 199 699 753 613 89 906 893 250 99 826 877 855 778 204 452 0 705 643 802 273 330 428 420 338 809 471 818 913 
161 366 568 106 717 483 523 230 216 785 810 667 515 788 969 916 1005 630 795 524 846 1062 422 1064 1168 859 845 884 695 852 491 753 317 771 669 921 436 514 383 430 224 724 545 724 480 709 1003 732 713 920 512 721 705 0 627 253 432 564 286 736 651 152 310 849 880 
631 261 59 535 94 193 239 505 444 348 525 505 282 217 399 465 391 348 167 201 505 450 474 472 583 507 450 404 381 256 146 410 315 186 450 377 197 510 279 278 403 725 357 253 634 562 377 234 212 293 610 256 643 627 0 487 520 313 590 298 320 595 371 231 296 
160 264 430 246 560 416 310 356 279 745 833 721 289 688 876 880 878 388 646 469 850 937 169 957 1067 861 603 655 452 739 387 509 198 663 701 841 294 604 207 224 189 847 300 509 628 775 857 522 507 774 643 661 802 253 487 0 542 560 456 690 634 132 332 677 685 
564 373 481 341 609 329 598 205 263 461 406 250 621 557 695 567 782 747 650 322 457 827 674 801 884 473 925 910 807 630 392 856 400 559 273 633 437 85 476 536 354 305 694 742 115 282 813 733 709 745 106 440 273 432 520 542 0 252 169 431 325 537 224 739 815 
646 306 296 458 388 170 475 353 348 226 274 198 510 305 447 352 530 619 412 126 292 574 637 552 641 303 758 718 667 378 236 706 366 310 154 387 327 212 405 450 386 411 593 562 352 257 562 547 524 496 317 188 330 564 313 560 252 0 388 186 87 612 256 507 595 
436 376 540 218 684 400 600 108 194 610 576 420 613 678 834 726 906 742 741 414 624 955 612 938 1029 640 941 946 806 750 446 861 374 673 440 775 454 255 459 521 293 439 674 775 193 450 926 772 749 851 228 574 428 286 590 456 169 388 0 574 471 416 224 821 883 
800 426 317 630 331 273 523 536 520 55 237 279 564 162 263 189 361 646 314 222 207 399 731 369 455 209 736 671 679 225 311 706 491 184 216 201 412 375 503 531 538 510 645 542 520 323 408 519 500 357 478 43 420 736 298 690 431 186 574 0 106 764 426 410 512 
729 374 318 545 378 225 515 441 435 139 215 194 553 251 370 265 464 651 383 173 217 505 698 475 559 226 770 718 693 320 281 727 437 264 134 307 380 269 466 504 467 425 636 573 414 248 506 553 532 448 373 122 338 651 320 634 325 87 471 106 0 694 342 480 576 
36 348 537 199 675 493 439 333 281 817 877 749 420 784 971 952 986 520 760 542 903 1045 286 1058 1167 915 734 787 583 841 478 639 285 762 739 931 398 611 321 350 227 840 431 639 604 797 971 652 636 888 629 741 809 152 595 132 537 612 416 764 694 0 361 798 812 
394 157 318 204 466 190 385 134 94 474 516 391 404 491 666 606 716 532 529 221 544 770 451 764 865 557 723 722 594 560 225 646 176 479 378 614 232 274 254 315 143 521 473 552 330 443 725 548 525 646 331 412 471 310 371 332 224 256 224 426 342 361 0 603 660 
832 485 287 762 137 421 376 737 675 439 645 674 411 253 344 508 257 404 97 417 604 312 617 366 471 600 382 287 397 220 377 394 532 226 613 364 412 717 477 453 626 906 459 235 850 726 202 207 206 134 821 371 818 849 231 677 739 507 821 410 480 798 603 0 104 
844 527 343 801 207 489 374 792 723 543 748 770 401 357 443 612 340 361 198 494 708 388 600 451 549 704 293 189 339 325 436 323 564 329 710 467 449 801 498 462 663 1000 431 191 929 823 271 169 179 223 903 472 913 880 296 685 815 595 883 512 576 812 660 104 0 
EOF